[gd_scene load_steps=10 format=2]

[ext_resource path="res://Camera.gd" type="Script" id=1]
[ext_resource path="res://Ball.gd" type="Script" id=2]
[ext_resource path="res://tex_Water.jpg" type="Texture" id=3]
[ext_resource path="res://green.tres" type="Material" id=4]
[ext_resource path="res://Main.gd" type="Script" id=5]

[sub_resource type="SphereShape" id=1]

[sub_resource type="SphereMesh" id=2]

[sub_resource type="SpatialMaterial" id=3]
albedo_texture = ExtResource( 3 )
roughness = 0.15
ao_enabled = true
ao_light_affect = 0.0
ao_on_uv2 = false
ao_texture_channel = 0

[sub_resource type="SpatialMaterial" id=4]
albedo_color = Color( 0.756863, 0.160784, 0.160784, 1 )
roughness = 0.5

[node name="Spatial" type="Spatial"]
script = ExtResource( 5 )

[node name="CSGBox" type="CSGBox" parent="."]
transform = Transform( 1, 0, 0, 0, 0.96404, 0.265758, 0, -0.265758, 0.96404, 0.00780103, 25.9506, -4.12491 )
use_collision = true
width = 8.9471
height = 0.599827
depth = 22.0
material = ExtResource( 4 )

[node name="CSGBox3" type="CSGBox" parent="."]
transform = Transform( 1, 0, 0, 0, 0.965926, 0.258819, 0, -0.258819, 0.965926, 18.8757, 14.07, -12.2762 )
use_collision = true
width = 8.9471
height = 0.599827
depth = 22.0
material = ExtResource( 4 )

[node name="CSGBox2" type="CSGBox" parent="."]
transform = Transform( 1, 0, 0, 0, 0.950494, -0.310743, 0, 0.310743, 0.950494, 9.53179, 17.4194, -20.5718 )
use_collision = true
width = 8.56979
height = 0.599827
depth = 22.3759
material = ExtResource( 4 )

[node name="RigidBody" type="RigidBody" parent="."]
transform = Transform( 1, 0, 0, 0, 1, 0, 0, 0, 1, -0.233197, 30.5958, 4.28935 )
script = ExtResource( 2 )
__meta__ = {
"_edit_group_": true
}

[node name="CollisionShape" type="CollisionShape" parent="RigidBody"]
shape = SubResource( 1 )

[node name="MeshInstance" type="MeshInstance" parent="RigidBody"]
mesh = SubResource( 2 )
material/0 = SubResource( 3 )

[node name="Camera" type="Camera" parent="."]
transform = Transform( 1, 0, 0, 0, 1, 0, 0, 0, 1, 0.0225372, 32.5426, 12.3102 )
script = ExtResource( 1 )

[node name="CSGBox4" type="CSGBox" parent="."]
transform = Transform( 1, 0, 0, 0, 1, 0, 0, 0, 1, 19.1007, 2.06486, -32.6859 )
use_collision = true
width = 7.99694
height = 3.54038
depth = 7.58177
material = SubResource( 4 )
__meta__ = {
"_edit_group_": true
}

[node name="CSGSphere" type="CSGSphere" parent="CSGBox4"]
transform = Transform( 1, 0, 0, 0, 1, 0, 0, 0, 1, 0, 2.2312, 0 )
operation = 2
radius = 3.22255
radial_segments = 13
rings = 8

[node name="DirectionalLight" type="DirectionalLight" parent="."]
transform = Transform( 0.808481, -0.120865, -0.575978, 0.535995, 0.555382, 0.635815, 0.24304, -0.822766, 0.513798, 10.9822, 17.4288, 3.03122 )
shadow_enabled = true
